                                                                                                                                                                                                                                                                                                                                                
                                                                                                                                                                                                                                                                                                                                                
                                                                                                                                                                                                                                                                                                                                                
                                                                                                                                                                                                                                                                                                                                                
                                                                                                                                                                                                                                                                                                                                                
                                                                                                                                                                                                                                                                                                                                                
                                                                                                                                                                                                                                                                                                                                                
                                                                                                                                                                                                                                                                                                                                                
                                                                                                                                                                                                                                                                                                                                                
                                                                                                                                                                                                                                                                                                                                                
                                                                                                                                                                                                                                                                                                                                                
                                                                                                                    43333432                                              243334342                                                                                                                                                             
                                                                                                                 344333333332                                            33334333443                                                                                                                                                            
           5434444444444444443333444333                                                                          233433333334                                           544333333433                                                                                                                                                            
           4333333333333333333433434333445                                                                       233433333334                                           544333333433                                                                                                                                                            
          233333333333333333333333433333433333445                                                                233433333334                                           544333333433                                                                                                                                                            
     3433334333333333333333333333333333343333334432                                                              233433333334                                           544333333433                                                                                                                                                            
   34433444343333333333333344333443333333333333434343                                                            233433333334                                           544333333433                                                                                                                                                            
  3343333333343333333333333333433344333343333333344333                                                           233433333334                                           544333333433                                                                                                                                                            
  234334333344                          23333333333334                                                           233433333334                                           544333333433                                                                                                                                                            
  234334333344                            44333333334334                  2444443333333444343333                 233433333334      433344433333343433442                544333333433      54333344                          543444432                     4443333333333443334334                           243343343333333333333345             
  234334333344                              2433333333332             343334334333333333333333433443             233433333334  5433343433333333333334334333             544333333433     4443333443                        3344333343                 43343343333333333333334333444                     33333433343333333333433333343           
  234334333344                               443333333444           2343333343333333333333333333334342           233433333334 3433333333333333333343333343435           544333333433    443333333343                      33434333333              34333333333343333333333433333333345                 344333333333333333333333333334445        
  234334333344                               433433333334        244333343333333333444443333333333334335         2334333333333334333333333343333343433334334344         544333333433    334343334334                      24333333333           334333334333333333333333333333333333334             3343333333333333333333343433333433332       
  234334333344                               333333343433       33333333334333343434343343333333333333433        23343333333343334333344443343433334333333333442        544333333433    334343334334                      24333333333          543334333333333343343343333334333333334344           433333333333343423   234333433333334445     
  234334333344                               343333333344      433433333333343333433  32243443433333333343       23343333333333333333333325  55343344443333333443       544333333433    334343334334                      24333333333          333333334434334434355 552333344333333333343        2333333333333425         3433343333333333     
  234334333344                               333333333343    243333333343333                   3433333344332     233433333333333433                 33333333333334      544333333433    334343334334                      24333333333        43333333333433                   43333333333335     4433333333443                  33443333334     
  234334333344                               443333334443    43333333334443                    34443333433334    233433333333333343                   33444333333442    544333333433    334343334334                      24333333333       234333333333335                    33343333333344    433433333342                    234333333342   
  234334333344                             33333333333332   343433333334                         534333333333    233433333343433                       43343333334345   544333333433    334343334334                      24333333333       334333333343                         333333333333    33433333333                       33333334335  
  234334333344                            24333333333434   3433333333333                          33433333334    233433333343342                         343333334344   544333333433    334343334334                      24333333333      2333333343343                          33333333333    33333333334                       33434333333  
  234334333344                       4343333433333334335  3433333333432                            2334333333    23343333333343                          434333343433   544333333433    334343334334                      24333333333     343333333333                            53333333343    333333433433                      3344334332   
  234334333333                   343334333333333334444    34333333333                               2333333345   2334333333442                           443333333333   544333333433    334343334334                      24333333333    333343333333                               3333333445   43433333333434                                 
  234334333333444444444444444444433333333333343344332     43443333344333333333333333333333333333333333333333333  233433333334                             43433333333   544333333433    334343334334                      24333333333     33333334433333333333333333333333333333333343333333443  34334333333333343433444                        
  234334333333333333333333333333333333333333334334        334333344343333333333333333333333333333333333333334443 233433333334                             23433333334   544333333433    334343334334                      24333333333     44433333433333333333333333333333333333333343333333344    24333333333333333333334344433432             
  2343343333333333333333333333333333333334334332              34433444444444444444444444444444444444333333333334 233433333343                             343333333332  544333333433    334343334334                      24333333333         5434333444444444444444444444444444444433333334343     243443333333333333333333333333333           
  23433433333333333333333333333333333333433332             34443334333333333333333333333333333333333333333334435 233433333334                             333333333332  544333333433    334343334334                      24333333333     33334333343333333333333333333333333333333333333334343       533444434333333333333333333433333433      
  23433433333433333333333333335  433333334342             33333343443333333333333333333333333333333333333333432  233433333343                             43333333333   544333333433    334343334334                      24433333333     34343334433333333333333333333333333333333333333333435            53344343333333333333333333344344     
  234334333343                   433333333344             433333333444444444444444444444444444444444444444434    233433334334                             34433333344   544333333433    334343334334                      44343333333    2434333343434444444444444444444444444444444444444333                5433434344334333333334333333342    
  234334333344                   54443333333443           43343333344                                            233433333333                            533333333333   544333333433    334343333332                      44433333333    234443333344                                                                      3343434333333333335  
  234334333344                      43334333434           43433333333                                34444444    23343333343433                          434333333333   544333333433    334343333344                      43333333333    333333333333                                33444332     3433444                      234333333333333  
  234334333344                      434333333443          23443333333445                           4343333343    233433333333335                         343333333344   544333333333    344343333434                      33333333333     4343333333343                           54433434344    44433343443                       43433333434  
  234334333344                      233333333343            343333333443                          33343333333    233433333333334                         333333334345   544333333333    443433333334                      34333333333       333333334333                         543333333343    43333334433                       44333333343  
  234334333344                       3333334333334          3343333333445                        333433333333    2334333333333334                     24343333333343    544333333333     444333334434                  33433333333333       3333333333335                        443333333344    33433333433                       34333333333  
  234334333344                         433433343343          333333333334433                   33433333334343    233433333333334443                  33333333333343     544333333433       333333334335              3444433333333333       2343433333343435                  243333333333334    3433333334333                    233333333333  
  234334333344                         433443333343           2333333333333334               3333433334333333    233433333333333434335             343344333333433      544333333433       4433333333433            44333333333333333        24333333333343432               343333333333334     53433333334344                 33343333333335  
  234334333344                         54443333334343           3333333443333343433343443334343333333343332      233433333333333334333333333443333344343333333344       544333333333       334333343333433444433444334333333333333333          34333333333344333443443334333433333333334343        34333333333433333333334433433333333334332    
  234334333344                            333333333332          54333333333333333343333433433333333333333        2334333333333433333333433433434333333333333334         544333333333       343333333333343334333333333333333343333333           34433333333333333334334333433333333334434           433343333333333343444433333333333333333     
  234334333344                            433333333334            5334333333333433433333333333334334444          233433333333434433334334333333333333333334332          544333333333         3443333333333343333333333333433333333333             2433333333333333333333333333333343334               3433333333333333333333333343343343443     
  343333333332                            334343333444                44333333333333333334333343334333           344333333332  2333433333433333333333343343              33334333443           44443333333333334333333334333433333333                 334343333334333333333333344434                    33343333333333333334333334333333        
   5333443343                              24333344345                 43344433343433333333334333433               533443343    53433333334433333433343343               3343443344             5333333333333334333333434  5233333334                 33343433333333333343434434434                       24333443434333333433344333433         
                                                                             43343433333333343                                       2433433333434435                                                234333333333442                                        534433334334434435                                 233434344434333435               
                                                                                                                                                                                                                                                                    5                                                 555                       
                                                                                                                                                                                                                                                                                                                                                
                                                                                                                                                                                                                                                                                                                                                
                                                                                                                                                                                                                                                                                                                                                
                                                                                                                                                                                                                                                                                                                                                
                                                                                                                                                                                                                                                                                                                                                
                                                                                                                                                                                                                                                                                                                                                
                                                                                                                                                                                                                                                                                                                                                
                                                                                                                                                                                                                                                                                                                                                
                                                                                                                                                                                                                                                                                                                                                
                                                                                                                                                                                                                                                                                                                                                
                                                                                                                                                                                                                                                                                                                                                
                                                                                                                                                                                                                                                                                                                                                
                                                                                                                                                                                                                                                                                                                                                
                                                                                                                                                                                                                                                                                                                                                
